[SYSTEM]
IP1=192.168.1.100
PORT1=8008
IP2=192.168.1.100
PORT2=8009
IP3=192.168.1.100
PORT3=8010
XuanzhuanPosNum=12
camerapos0=-94.877,145.987
camerapos1=2.065,239.764
GPXZZXX=2031.75283982601
GPXZZXY=1573.45511231554
TMXZZXX=1899.07531207864
TMXZZXY=1403.72814041676
[POS]
POS0_Robot=CMD;-10;-10
POS0_Camera=693.946031699819,693.946031699819
POS1_Robot=CMD;0;-10
POS1_Camera=818.358169711108,818.358169711108
POS2_Robot=CMD;10;-10
POS2_Camera=947.953033940348,947.953033940348
POS3_Robot=CMD;-10;0
POS3_Camera=1078.8150063325,1078.8150063325
POS4_Robot=CMD;0;0
POS4_Camera=1205.98682735983,1205.98682735983
POS5_Robot=CMD;10;0
POS5_Camera=1449.85389888044,1449.85389888044
POS6_Robot=CMD;-10;10
POS6_Camera=1508.22421910149,1508.22421910149
POS7_Robot=CMD;0;10
POS7_Camera=1574.09901880742,1574.09901880742
POS8_Robot=CMD;10;10
POS8_Camera=1628.9949887113,1628.9949887113
[Camera]
ExposureTime1=25000
ExposureTime2=15000
ExposureTime3=2000
[GPParam]
MinGray=140
[AOIParam]
StandardX=316.722
StandardY=1.459
StandardU=55.978
PrecisionXY=0.2
PrecisionU=0.7
